ades 0
0.9340000152587891, 0.9187999963760376
0.9346666932106018, 0.9264000058174133
0.9333333373069763, 0.9248999953269958
0.9286666512489319, 0.9273999929428101
0.9326666593551636, 0.9240999817848206
0.9283333420753479, 0.9254999756813049
0.9336666464805603, 0.9258000254631042
0.9283333420753479, 0.9258999824523926
0.9243333339691162, 0.9271000027656555
0.9326666593551636, 0.927299976348877
0.9323333501815796, 0.9264000058174133
0.9363333582878113, 0.9235000014305115
0.9330000281333923, 0.9261999726295471
0.9319999814033508, 0.923799991607666
0.9323333501815796, 0.9221000075340271
0.9276666641235352, 0.9247999787330627
0.9303333163261414, 0.9243999719619751
0.9246666431427002, 0.9246000051498413
0.9423333406448364, 0.9229000210762024
0.9293333292007446, 0.9218000173568726
0.9386666417121887, 0.9241999983787537
0.9330000281333923, 0.9248999953269958
0.9326666593551636, 0.9247000217437744
0.9316666722297668, 0.923799991607666
0.9316666722297668, 0.9276999831199646
sign 0
val test
0.9210000038146973, 0.8984000086784363
0.9273333549499512, 0.894599974155426
0.9236666560173035, 0.899399995803833
0.9176666736602783, 0.9024999737739563
0.9210000038146973, 0.902999997138977
0.918666660785675, 0.9050999879837036
0.9160000085830688, 0.8931999802589417
0.9203333258628845, 0.8967000246047974
0.9253333210945129, 0.892300009727478
0.9253333210945129, 0.8920999765396118
0.9300000071525574, 0.9028000235557556
0.921999990940094, 0.8992999792098999
0.9283333420753479, 0.9003000259399414
0.9193333387374878, 0.9025999903678894
0.9240000247955322, 0.8848000168800354
0.9233333468437195, 0.8927000164985657
0.9153333306312561, 0.9016000032424927
0.9179999828338623, 0.8920999765396118
0.9183333516120911, 0.8981000185012817
0.9233333468437195, 0.9025999903678894
0.9256666898727417, 0.9018999934196472
0.9276666641235352, 0.8948000073432922
0.9183333516120911, 0.8889999985694885
0.9166666865348816, 0.9021000266075134
0.9253333210945129, 0.9020000100135803
adam 0
0.9346666932106018, 0.9257000088691711
0.9306666851043701, 0.9240000247955322
0.9316666722297668, 0.9269000291824341
0.9383333325386047, 0.9265999794006348
0.9330000281333923, 0.9235000014305115
0.9356666803359985, 0.9251000285148621
0.940666675567627, 0.9276999831199646
0.9300000071525574, 0.9272000193595886
0.9403333067893982, 0.9282000064849854
0.9369999766349792, 0.9269000291824341
0.9273333549499512, 0.9265000224113464
0.9316666722297668, 0.926800012588501
0.9363333582878113, 0.9265999794006348
0.9390000104904175, 0.9269999861717224
0.9316666722297668, 0.9266999959945679
0.9330000281333923, 0.9254000186920166
0.9359999895095825, 0.9279999732971191
0.9356666803359985, 0.9266999959945679
0.9323333501815796, 0.9289000034332275
0.9313333630561829, 0.9271000027656555
0.937666654586792, 0.9275000095367432
0.9403333067893982, 0.9271000027656555
0.9340000152587891, 0.9269000291824341
0.9316666722297668, 0.9254999756813049
0.934333324432373, 0.9262999892234802
rms 0
0.9269999861717224, 0.929099977016449
0.9346666932106018, 0.9258999824523926
0.9380000233650208, 0.9218999743461609
0.9380000233650208, 0.9232000112533569
0.9353333115577698, 0.9251999855041504
0.9359999895095825, 0.9264000058174133
0.9359999895095825, 0.9266999959945679
0.9363333582878113, 0.9264000058174133
0.9356666803359985, 0.9276000261306763
0.9313333630561829, 0.9283999800682068
0.9346666932106018, 0.9283000230789185
0.9300000071525574, 0.9290000200271606
0.9286666512489319, 0.9280999898910522
0.9346666932106018, 0.9266999959945679
0.9336666464805603, 0.925000011920929
0.9309999942779541, 0.9273999929428101
0.9383333325386047, 0.9282000064849854
0.9340000152587891, 0.9244999885559082
0.937333345413208, 0.9294000267982483
0.9283333420753479, 0.9297000169754028
0.9369999766349792, 0.9264000058174133
0.9340000152587891, 0.9280999898910522
0.9383333325386047, 0.929099977016449
0.9383333325386047, 0.9297999739646912
0.9306666851043701, 0.9269999861717224
0.9319999814033508, 0.9261999726295471
nesterov 0
0.8653333187103271, 0.8565999865531921
0.8460000157356262, 0.8561999797821045
0.8610000014305115, 0.853600025177002
0.8573333621025085, 0.8575000166893005
0.8669999837875366, 0.8557999730110168
0.8629999756813049, 0.8553000092506409
0.8583333492279053, 0.8557000160217285
0.8646666407585144, 0.8551999926567078
0.862666666507721, 0.8532000184059143
0.8690000176429749, 0.8537999987602234
0.8653333187103271, 0.8567000031471252
0.8633333444595337, 0.8565999865531921
0.8569999933242798, 0.8551999926567078
0.8676666617393494, 0.8592000007629395
0.8573333621025085, 0.8580999970436096
0.8650000095367432, 0.8544999957084656
0.8709999918937683, 0.8578000068664551
0.8733333349227905, 0.8561000227928162
0.8629999756813049, 0.8557000160217285
0.8643333315849304, 0.8555999994277954
0.8556666374206543, 0.8571000099182129
0.8686666488647461, 0.8587999939918518
0.8560000061988831, 0.8578000068664551
0.8683333396911621, 0.8589000105857849
0.8646666407585144, 0.8550999760627747
nesterov 0
val test
0.921999990940094, 0.9132000207901001
0.9156666398048401, 0.911899983882904
0.9256666898727417, 0.9125999808311462
0.9166666865348816, 0.9121000170707703
0.9153333306312561, 0.9107000231742859
0.9286666512489319, 0.9115999937057495
0.9176666736602783, 0.9117000102996826
0.9223333597183228, 0.9121999740600586
0.9073333144187927, 0.911300003528595
0.9173333048820496, 0.9114000201225281
0.9240000247955322, 0.9111999869346619
0.9213333129882812, 0.9124000072479248
0.9200000166893005, 0.911300003528595
0.9233333468437195, 0.9124000072479248
0.9206666946411133, 0.9143000245094299
0.9136666655540466, 0.9114000201225281
0.9156666398048401, 0.9111999869346619
0.92166668176651, 0.9135000109672546
0.92166668176651, 0.9099000096321106
0.9179999828338623, 0.9121999740600586
0.921999990940094, 0.9128000140190125
0.9206666946411133, 0.9121999740600586
0.9106666445732117, 0.910099983215332
0.9169999957084656, 0.9125999808311462
0.9240000247955322, 0.9128000140190125
0.9163333177566528, 0.9140999913215637
0.9296666383743286, 0.9114999771118164
0.9160000085830688, 0.9121000170707703
0.921999990940094, 0.9100000262260437
0.9279999732971191, 0.9117000102996826
